%YAML:1.0
# NOTE: This is a starter config for a downward USB webcam.
# Replace intrinsics/extrinsics with calibration results for stable VIO.

cam0:
  T_cam_imu:
    - [0.9999654398038452, 0.007342326779113337, -0.003899927610975742, -0.027534314618518095]
    - [-0.0073452195116216765, 0.9999727585590525, -0.0007279355223411334, -0.0030587146933711722]
    - [0.0038944766308488753, 0.0007565561891287445, 0.9999921303062861, -0.023605118842939803]
    - [0.0, 0.0, 0.0, 1.0]
  cam_overlaps: []
  camera_model: pinhole
  distortion_coeffs: [0.0, 0.0, 0.0, 0.0]
  distortion_model: radtan
  intrinsics: [395.0, 395.0, 320.0, 240.0]
  resolution: [640, 480]
  rostopic: /image_raw
  timeshift_cam_imu: 0.0
